---
images/about/me_29_palms.jpg: 2024-02-14 10:49:50.129339813 -08:00
images/about/me_29_palms_2.jpg: 2024-02-14 10:49:54.686833806 -08:00
images/arcade_camera/arcade_camera_booth_inside_portrait.jpg: 2024-02-14 10:49:58.184050630
  -08:00
images/arcade_camera/arcade_camera_booth_portrait.jpg: 2024-02-14 10:50:01.026081472
  -08:00
images/arcade_camera/arcade_camera_display_landscape.jpeg: 2024-02-14 10:50:04.624311373
  -08:00
images/boombox/boombox_case_portrait.jpeg: 2024-02-14 10:50:07.807694737 -08:00
images/boombox/boombox_mesh_portrait.jpg: 2024-02-14 10:50:11.643979134 -08:00
images/boombox/boombox_portrait.jpg: 2024-02-14 10:50:15.508519693 -08:00
images/demo/demo-landscape-2.jpg: 2024-02-14 10:50:15.970817696 -08:00
images/demo/demo-landscape.jpg: 2024-02-14 10:50:16.402565030 -08:00
images/demo/demo-portrait.jpg: 2024-02-14 10:50:16.893032768 -08:00
images/demo/demo-square.jpg: 2024-02-14 10:50:17.573502855 -08:00
images/favicon.png: 2024-02-14 10:50:17.842516601 -08:00
images/floating_cabinet/floating_cabinet_square.jpg: 2024-02-14 10:50:20.239025808
  -08:00
images/giant_pegboard/giant_pegboard_front_portrait.jpeg: 2024-02-14 10:50:23.036476349
  -08:00
images/giant_pegboard/giant_pegboard_portrait.jpg: 2024-02-14 10:50:26.148586157 -08:00
images/keyboard_stand/keyboard_stand_closeup_portrait.jpg: 2024-02-14 10:50:29.326551654
  -08:00
images/keyboard_stand/keyboard_stand_empty_portrait.jpg: 2024-02-14 10:50:32.818494097
  -08:00
images/keyboard_stand/keyboard_stand_landscape.jpg: 2024-02-14 10:50:36.310059465
  -08:00
images/keyboard_stand/keyboard_stand_portrait.jpg: 2024-02-14 10:50:39.468109121 -08:00
images/kids_furniture/art_station_and_chair_portrait.jpg: 2024-02-14 10:50:42.727789637
  -08:00
images/kids_furniture/art_station_kai_happy_portrait.jpeg: 2024-02-14 10:50:46.174741101
  -08:00
images/kids_furniture/art_station_portrait.jpg: 2024-02-14 10:50:49.234374607 -08:00
images/kids_furniture/changing_station_portrait.jpg: 2024-02-14 10:50:52.770817016
  -08:00
images/kids_furniture/collage_square.jpg: 2024-02-14 10:50:54.807868445 -08:00
images/kids_furniture/low_bookshelf_landscape.jpg: 2024-02-14 10:50:57.466474204 -08:00
images/kids_furniture/mirror_gym_landscape.jpg: 2024-02-14 10:51:00.384863888 -08:00
images/kids_furniture/rail_house_portrait.jpg: 2024-02-14 10:51:03.230217584 -08:00
images/kids_furniture/step_stool_portrait.jpg: 2024-02-14 10:51:06.530089837 -08:00
images/kids_furniture/tractor_portrait.jpg: 2024-02-14 10:51:09.806693443 -08:00
images/kids_furniture/upright_gym_landscape.jpg: 2024-02-14 10:51:12.855065561 -08:00
images/kids_furniture/wardrobe_portrait.jpg: 2024-02-14 10:51:15.886786986 -08:00
images/logo.png: 2024-02-14 10:51:17.297029474 -08:00
images/noisebox/noisebox_back_portrait.jpeg: 2024-02-14 10:51:20.317822366 -08:00
images/noisebox/noisebox_circuit_landscape.jpeg: 2024-02-14 10:51:23.544431580 -08:00
images/noisebox/noisebox_in_hand_portrait.jpeg: 2024-02-14 10:51:26.621667344 -08:00
images/noisebox/noisebox_on_shelf_landscape.jpeg: 2024-02-14 10:51:29.910665961 -08:00
images/noisebox/noisebox_portrait.jpeg: 2024-02-14 10:51:31.600201891 -08:00
images/social.jpg: 2024-02-14 10:51:32.159610222 -08:00
images/studio_rack/studio_rack_assembly.jpg: 2024-02-14 10:51:33.299984775 -08:00
images/studio_rack/studio_rack_panel_cut.jpg: 2024-02-14 10:51:38.073979505 -08:00
images/studio_rack/studio_rack_portrait.jpg: 2024-02-14 10:51:41.565529531 -08:00
images/studio_rack/studio_rack_sketches.jpeg: 2024-02-14 10:51:42.798186485 -08:00
images/studio_rack/studio_rack_template.jpg: 2024-02-14 10:51:47.367862578 -08:00
images/studio_rack/studio_rack_within_room.jpg: 2024-02-14 10:51:51.418389168 -08:00
